-bash-4.1$ nvcc -o gol_64 gol_64.cu -I/includepath -L/libpath
-bash-4.1$ ./gol_64
Enter number of element- N*N (should be perfect square) 
64
Enter # of blocks
8
Enter # of threads per block
8
Do you want infinite loop('y' or 'n') : n
n
Enter # of generations
3
0, 0, 1, 0, 0, 0, 1, 0, 0, 1, 1, 1, 0, 0, 0, 0, 1, 1, 1, 0, 0, 0, 0, 1, 0, 0, 1, 1, 0, 1, 1, 0, 1, 0, 1, 1, 0, 0, 1, 0, 0, 0, 1, 0, 0, 1, 1, 1, 0, 0, 0, 0, 1, 1, 1, 0, 0, 0, 0, 1, 0, 0, 1, 1, 
printing in row col wise
0 0 1 0 0 0 1 0 
0 1 1 1 0 0 0 0 
1 1 1 0 0 0 0 1 
0 0 1 1 0 1 1 0 
1 0 1 1 0 0 1 0 
0 0 1 0 0 1 1 1 
0 0 0 0 1 1 1 0 
0 0 0 1 0 0 1 1 

Generation 1 is 
0, 1, 0, 0, 0, 0, 1, 1, 0, 0, 0, 1, 0, 0, 0, 1, 1, 0, 0, 0, 1, 0, 1, 1, 0, 0, 0, 0, 1, 1, 1, 0, 0, 0, 0, 0, 0, 0, 0, 0, 0, 1, 1, 0, 0, 0, 0, 0, 0, 0, 0, 1, 1, 0, 0, 0, 0, 0, 0, 1, 1, 0, 0, 1, 
grid presentation
0 1 0 0 0 0 1 1 
0 0 0 1 0 0 0 1 
1 0 0 0 1 0 1 1 
0 0 0 0 1 1 1 0 
0 0 0 0 0 0 0 0 
0 1 1 0 0 0 0 0 
0 0 0 1 1 0 0 0 
0 0 0 1 1 0 0 1 

Generation 2 is 
0, 0, 1, 1, 1, 0, 1, 1, 0, 0, 0, 0, 0, 1, 0, 0, 1, 0, 0, 1, 1, 0, 0, 0, 0, 0, 0, 0, 1, 0, 1, 0, 0, 0, 0, 0, 0, 1, 0, 0, 0, 0, 1, 1, 0, 0, 0, 0, 0, 0, 0, 0, 1, 0, 0, 0, 1, 0, 1, 1, 1, 1, 1, 1, 
grid presentation
0 0 1 1 1 0 1 1 
0 0 0 0 0 1 0 0 
1 0 0 1 1 0 0 0 
0 0 0 0 1 0 1 0 
0 0 0 0 0 1 0 0 
0 0 1 1 0 0 0 0 
0 0 0 0 1 0 0 0 
1 0 1 1 1 1 1 1 

Generation 3 is 
1, 1, 1, 0, 0, 0, 0, 0, 0, 0, 1, 0, 0, 1, 1, 1, 0, 0, 0, 1, 1, 0, 0, 0, 0, 0, 0, 1, 1, 0, 0, 0, 0, 0, 0, 1, 1, 1, 0, 0, 0, 0, 0, 1, 1, 0, 0, 0, 0, 1, 0, 0, 0, 0, 1, 1, 1, 1, 1, 0, 0, 0, 0, 0, 
grid presentation
1 1 1 0 0 0 0 0 
0 0 1 0 0 1 1 1 
0 0 0 1 1 0 0 0 
0 0 0 1 1 0 0 0 
0 0 0 1 1 1 0 0 
0 0 0 1 1 0 0 0 
0 1 0 0 0 0 1 1 
1 1 1 0 0 0 0 0 

Number of blocks used 8
Number of threads used 8
Elapsed time in microseconds 1225
-bash-4.1$ 
